0 0 21 21 21 21 44 0 1 1 21
1 0 10 10 10 10 26 1 0 0 10
2 10 29 29 29 29 39 1 0 0 19
3 21 38 38 39 39 50 0 1 0 17
4 29 58 58 58 58 66 1 0 1 29
5 38 62 62 62 62 83 0 1 0 24
6 58 71 71 71 71 72 1 0 1 13
7 62 86 86 86 86 108 0 1 1 24
8 71 88 88 88 88 115 1 0 0 17
9 86 102 102 108 108 110 0 0 1 16
10 88 90 90 110 110 128 1 1 1 2
11 90 118 118 118 118 132 1 0 0 28
12 102 121 121 128 128 143 0 1 1 19
13 118 131 131 132 132 153 1 0 0 13
14 121 146 146 149 149 151 0 0 1 25
15 131 138 138 143 143 149 1 1 1 7
16 138 157 157 157 157 165 1 0 0 19
17 146 153 153 153 153 160 0 1 1 7
18 153 163 163 163 163 168 0 1 1 10
19 157 182 182 182 182 193 1 1 1 25
20 163 168 168 168 168 192 0 0 0 5
21 168 196 196 196 196 208 0 0 0 28
22 182 203 203 203 203 209 1 1 1 21
23 196 215 215 215 215 241 0 0 0 19
24 203 226 226 226 226 252 1 1 1 23
25 215 239 239 241 241 269 0 0 0 24
26 226 249 249 252 252 266 1 0 1 23
27 239 247 247 271 271 300 0 1 1 8
28 247 266 266 269 269 272 0 0 0 7
29 249 252 252 266 266 271 1 0 1 2
30 252 275 275 275 275 294 1 0 0 23
31 266 290 290 294 294 301 0 1 0 24
32 275 303 303 303 303 315 1 1 0 28
33 290 293 293 300 300 320 0 0 1 3
34 293 313 313 315 315 322 0 0 0 20
35 303 324 324 324 324 352 1 0 0 21
36 313 317 317 320 320 329 0 1 1 4
37 317 342 342 342 342 367 0 1 1 25
38 324 349 349 352 352 359 1 0 0 25
39 342 368 368 372 372 379 0 0 0 26
40 349 351 351 367 367 385 1 1 1 2
41 351 358 358 359 359 372 1 0 0 7
42 358 374 374 379 379 383 1 1 0 16
43 368 398 398 398 398 423 0 1 1 30
44 374 380 380 383 383 395 1 0 0 6
45 380 406 406 406 406 433 1 0 0 26
46 398 420 420 429 429 445 0 0 1 22
47 406 417 417 423 423 429 1 1 1 11
48 417 446 446 446 446 467 1 0 1 29
49 420 437 437 437 437 445 0 1 0 17
50 437 447 447 447 447 456 0 1 0 10
51 446 464 464 464 464 488 1 0 0 18
52 447 471 471 471 471 474 0 1 1 24
53 464 485 485 488 488 498 1 1 0 21
54 471 478 478 478 478 503 0 0 1 7
55 478 501 501 501 501 513 0 0 0 23
56 485 504 504 513 513 524 1 0 0 19
57 501 502 502 503 503 518 0 1 1 1
58 502 526 526 527 527 543 0 0 0 24
59 504 509 509 525 525 536 1 1 1 5
60 509 513 513 518 518 525 1 0 1 2
61 513 519 519 524 524 527 1 0 0 6
62 519 537 537 537 537 556 1 1 1 18
63 526 541 541 543 543 565 0 0 0 15
64 537 561 561 565 565 579 1 0 0 24
65 541 549 549 559 559 571 0 1 1 8
66 549 550 550 556 556 559 0 0 1 1
67 550 567 567 571 571 596 0 1 1 17
68 561 584 584 596 596 610 1 0 1 23
69 567 572 572 579 579 583 0 0 0 5
70 572 575 575 583 583 610 0 1 0 3
71 575 599 599 610 610 623 0 0 1 24
72 584 597 597 610 610 640 1 1 0 13
73 597 611 611 649 649 678 1 0 0 14
74 599 622 622 623 623 647 0 1 1 23
75 611 640 640 647 647 659 1 1 1 29
76 622 635 635 640 640 649 0 1 0 13
77 635 657 657 659 659 670 0 0 1 22
78 640 654 654 682 682 696 1 1 1 14
79 654 682 682 695 695 724 1 1 0 28
80 657 660 660 670 670 682 0 0 1 3
81 660 672 672 678 678 687 0 0 0 12
82 672 682 682 687 687 695 0 0 0 10
83 682 703 703 703 703 728 0 0 1 21
84 682 705 705 730 730 757 1 1 1 23
85 703 708 708 724 724 750 0 0 0 5
86 705 735 735 750 750 754 1 0 0 30
87 708 724 724 728 728 730 0 0 1 7
88 724 750 750 782 782 807 0 1 0 26
89 735 772 772 782 782 808 1 0 1 28
90 750 752 752 754 754 772 0 0 0 2
91 752 756 756 757 757 782 0 0 1 4
92 756 758 758 772 772 782 0 0 0 2
93 758 782 782 807 807 834 0 1 0 20
94 772 797 797 808 808 838 1 0 1 25
95 782 809 809 846 846 861 0 1 0 27
96 797 838 838 850 850 874 1 0 1 19
97 809 810 810 834 834 846 0 0 0 1
98 810 834 834 838 838 850 0 0 1 6
99 834 862 862 862 862 892 0 1 0 28
100 838 864 864 924 924 949 1 0 1 26
101 862 868 868 874 874 895 0 1 1 6
102 864 883 883 892 892 914 1 1 0 19
103 868 892 892 895 895 913 0 1 1 24
104 883 897 897 913 913 924 1 1 1 14
105 892 914 914 959 959 985 0 1 0 16
106 897 913 913 914 914 938 1 1 0 6
107 913 924 924 938 938 942 1 0 0 10
108 914 942 942 949 949 966 0 0 1 28
109 924 938 938 942 942 956 1 0 0 8
110 938 949 949 956 956 959 1 0 0 11
111 942 970 970 970 970 1000 0 1 1 28
112 949 966 966 966 966 967 1 0 1 17
113 966 993 993 1000 1000 1018 1 1 1 27
114 970 973 973 985 985 1014 0 0 0 3
115 973 994 994 1014 1014 1042 0 0 0 21
116 993 1019 1019 1019 1019 1045 1 1 1 26
117 994 1022 1022 1042 1042 1067 0 0 0 28
118 1019 1042 1042 1068 1068 1094 1 1 0 23
119 1022 1042 1042 1045 1045 1063 0 0 1 20
120 1042 1050 1050 1063 1063 1072 1 0 1 8
121 1042 1066 1066 1067 1067 1068 0 0 0 24
122 1050 1071 1071 1072 1072 1073 1 0 1 21
123 1066 1092 1092 1092 1092 1111 0 0 1 26
124 1071 1075 1075 1075 1075 1092 1 1 1 4
125 1075 1105 1105 1105 1105 1108 1 1 0 30
126 1092 1115 1115 1115 1115 1119 0 0 0 23
127 1105 1128 1128 1128 1128 1131 1 1 1 23
128 1115 1135 1135 1135 1135 1165 0 0 0 20
129 1128 1155 1155 1163 1163 1172 1 0 1 27
130 1135 1145 1145 1145 1145 1163 0 1 1 10
131 1145 1158 1158 1165 1165 1193 0 1 0 13
132 1155 1172 1172 1172 1172 1202 1 0 1 17
133 1158 1174 1174 1197 1197 1212 0 1 0 16
134 1172 1174 1174 1193 1193 1197 1 0 0 2
135 1174 1201 1201 1227 1227 1249 0 1 0 27
136 1174 1197 1197 1202 1202 1220 1 0 1 23
137 1197 1213 1213 1220 1220 1241 1 0 1 16
138 1201 1208 1208 1212 1212 1226 0 0 0 7
139 1208 1220 1220 1226 1226 1227 0 0 0 7
140 1213 1242 1242 1249 1249 1251 1 1 0 29
141 1220 1241 1241 1241 1241 1271 0 0 1 21
142 1241 1251 1251 1251 1251 1267 0 0 0 10
143 1242 1261 1261 1267 1267 1279 1 1 0 19
144 1251 1269 1269 1290 1290 1313 0 1 1 18
145 1261 1266 1266 1271 1271 1290 1 0 1 5
146 1266 1283 1283 1313 1313 1337 1 0 1 17
147 1269 1274 1274 1279 1279 1301 0 0 0 5
148 1274 1303 1303 1337 1337 1366 0 1 1 17
149 1283 1290 1290 1301 1301 1303 1 1 0 5
150 1290 1301 1301 1303 1303 1323 1 1 0 1
151 1301 1323 1323 1394 1394 1424 1 0 0 22
152 1303 1313 1313 1323 1323 1340 0 0 0 8
153 1313 1337 1337 1340 1340 1364 0 1 0 17
154 1323 1366 1366 1387 1387 1409 1 1 1 20
155 1337 1340 1340 1364 1364 1389 0 1 0 3
156 1340 1364 1364 1366 1366 1387 0 1 1 16
157 1364 1389 1389 1391 1391 1394 0 1 0 23
158 1366 1387 1387 1389 1389 1391 1 1 0 20
159 1387 1402 1402 1409 1409 1418 1 1 1 15
160 1389 1413 1413 1433 1433 1456 0 0 0 24
161 1402 1416 1416 1418 1418 1440 1 1 1 14
162 1413 1434 1434 1440 1440 1445 0 1 1 21
163 1416 1418 1418 1424 1424 1433 1 1 0 2
164 1418 1447 1447 1447 1447 1473 1 0 1 29
165 1434 1463 1463 1473 1473 1479 0 1 1 29
166 1447 1459 1459 1459 1459 1489 1 1 0 12
167 1459 1461 1461 1489 1489 1506 1 0 0 2
168 1461 1486 1486 1487 1487 1501 1 1 1 25
169 1463 1473 1473 1479 1479 1487 0 1 1 7
170 1473 1501 1501 1506 1506 1517 0 0 0 28
171 1486 1496 1496 1501 1501 1506 1 1 1 10
172 1496 1517 1517 1517 1517 1528 1 1 1 21
173 1501 1518 1518 1518 1518 1543 0 0 0 17
174 1517 1538 1538 1543 1543 1560 1 0 0 21
175 1518 1536 1536 1536 1536 1545 0 1 1 18
176 1536 1551 1551 1560 1560 1576 0 1 0 15
177 1538 1540 1540 1545 1545 1564 1 1 1 2
178 1540 1549 1549 1564 1564 1591 1 0 1 9
179 1549 1579 1579 1596 1596 1624 1 0 1 30
180 1551 1564 1564 1576 1576 1586 0 1 0 13
181 1564 1582 1582 1586 1586 1598 0 1 0 18
182 1579 1586 1586 1591 1591 1596 1 1 1 6
183 1582 1597 1597 1598 1598 1626 0 1 0 15
184 1586 1613 1613 1624 1624 1643 1 0 1 27
185 1597 1615 1615 1637 1637 1656 0 1 0 18
186 1613 1624 1624 1626 1626 1637 1 0 0 5
187 1615 1645 1645 1645 1645 1652 0 0 1 30
188 1624 1651 1651 1652 1652 1675 1 1 1 27
189 1645 1675 1675 1675 1675 1685 0 1 0 30
190 1651 1662 1662 1662 1662 1663 1 0 0 11
191 1662 1692 1692 1692 1692 1707 1 0 1 30
192 1675 1701 1701 1701 1701 1720 0 1 0 26
193 1692 1715 1715 1715 1715 1721 1 0 1 23
194 1701 1715 1715 1720 1720 1729 0 1 0 14
195 1715 1731 1731 1731 1731 1742 1 0 1 16
196 1715 1745 1745 1745 1745 1770 0 0 1 30
197 1731 1739 1739 1739 1739 1746 1 1 0 8
198 1739 1760 1760 1760 1760 1776 1 1 0 21
199 1745 1764 1764 1770 1770 1788 0 0 1 19
