0 21 23
1 10 16
2 19 10
3 17 11
4 29 8
5 24 21
6 13 1
7 24 22
8 17 27
9 16 2
10 2 18
11 28 14
12 19 15
13 13 21
14 25 2
15 7 6
16 19 8
17 7 7
18 10 5
19 25 11
20 5 24
21 28 12
22 21 6
23 19 26
24 23 26
25 24 28
26 23 14
27 8 29
28 7 3
29 2 5
30 23 19
31 24 7
32 28 12
33 3 20
34 20 7
35 21 28
36 4 9
37 25 25
38 25 7
39 26 7
40 2 18
41 7 13
42 16 4
43 30 25
44 6 12
45 26 27
46 22 16
47 11 6
48 29 21
49 17 8
50 10 9
51 18 24
52 24 3
53 21 10
54 7 25
55 23 12
56 19 11
57 1 15
58 24 16
59 5 11
60 2 7
61 6 3
62 18 19
63 15 22
64 24 14
65 8 12
66 1 3
67 17 25
68 23 14
69 5 4
70 3 27
71 24 13
72 13 30
73 14 29
74 23 24
75 29 12
76 13 9
77 22 11
78 14 14
79 28 29
80 3 12
81 12 9
82 10 8
83 21 25
84 23 27
85 5 26
86 30 4
87 7 2
88 26 25
89 28 26
90 2 18
91 4 25
92 2 10
93 20 27
94 25 30
95 27 15
96 19 24
97 1 12
98 6 12
99 28 30
100 26 25
101 6 21
102 19 22
103 24 18
104 14 11
105 16 26
106 6 24
107 10 4
108 28 17
109 8 14
110 11 3
111 28 30
112 17 1
113 27 18
114 3 29
115 21 28
116 26 26
117 28 25
118 23 26
119 20 18
120 8 9
121 24 1
122 21 1
123 26 19
124 4 17
125 30 3
126 23 4
127 23 3
128 20 30
129 27 9
130 10 18
131 13 28
132 17 30
133 16 15
134 2 4
135 27 22
136 23 18
137 16 21
138 7 14
139 7 1
140 29 2
141 21 30
142 10 16
143 19 12
144 18 23
145 5 19
146 17 24
147 5 22
148 17 29
149 5 2
150 1 20
151 22 30
152 8 17
153 17 24
154 20 22
155 3 25
156 16 21
157 23 3
158 20 2
159 15 9
160 24 23
161 14 22
162 21 5
163 2 9
164 29 26
165 29 6
166 12 30
167 2 17
168 25 14
169 7 8
170 28 11
171 10 5
172 21 11
173 17 25
174 21 17
175 18 9
176 15 16
177 2 19
178 9 27
179 30 28
180 13 10
181 18 12
182 6 5
183 15 28
184 27 19
185 18 19
186 5 11
187 30 7
188 27 23
189 30 10
190 11 1
191 30 15
192 26 19
193 23 6
194 14 9
195 16 11
196 30 25
197 8 7
198 21 16
199 19 18